1.000000 1.001000 0.995000 0.984000 0.970000 0.955000 0.941000 0.930000 0.924000 0.925000 0.935000 
0.900000 0.891000 0.875000 0.854000 0.830000 0.805000 0.781000 0.760000 0.744000 0.735000 0.934000 
0.800000 0.781000 0.755000 0.724000 0.690000 0.655000 0.621000 0.590000 0.564000 0.744000 0.940000 
0.700000 0.671000 0.635000 0.594000 0.550000 0.505000 0.461000 0.420000 0.583000 0.760000 0.951000 
0.600000 0.561000 0.515000 0.464000 0.410000 0.355000 0.301000 0.449000 0.609000 0.781000 0.965000 
0.500000 0.451000 0.395000 0.334000 0.270000 0.205000 0.340000 0.485000 0.640000 0.805000 0.980000 
0.400000 0.341000 0.275000 0.204000 0.130000 0.254000 0.386000 0.526000 0.674000 0.830000 0.994000 
0.300000 0.231000 0.155000 0.074000 0.189000 0.310000 0.437000 0.570000 0.709000 0.854000 1.005000 
0.200000 0.121000 0.035000 0.143000 0.255000 0.371000 0.491000 0.615000 0.743000 0.875000 1.011000 
0.100000 0.011000 0.114000 0.219000 0.326000 0.435000 0.546000 0.659000 0.774000 0.891000 1.010000 
0.000000 0.100000 0.200000 0.300000 0.400000 0.500000 0.600000 0.700000 0.800000 0.900000 1.000000 

Elapsed time: 0.00s
Including calculating time 0.00s
